id,Status_C,Status_CL,Status_D
7905,0.8012974975720142,0.013916592630092166,0.1847859097978937
7906,0.8426009977618718,0.04307590795625453,0.11432309428187365
7907,0.05618777819046442,0.019463956770345753,0.9243482650391898
7908,0.8776831848098107,0.014888837177042622,0.1074279780131469
7909,0.7355411395778201,0.02021565824384258,0.24424320217833737
7910,0.948031878383196,0.0121726071384505,0.039795514478353645
7911,0.8984836222252007,0.01628641620781757,0.08522996156698166
7912,0.3238800745975781,0.03582411051862968,0.6402958148837922
7913,0.0008842067977801232,0.002111091490690874,0.997004701711529
7914,0.022127713212013976,0.0062785921035096726,0.9715936946844763
7915,0.2765882468875985,0.05557716574849391,0.6678345873639078
7916,0.5673755534307605,0.024520976391247708,0.40810347017799176
7917,0.2621582970959179,0.14029118035660407,0.5975505225474781
7918,0.6027788877647628,0.041680280033196855,0.3555408322020403
7919,0.3755192154941258,0.052938303174427194,0.571542481331447
7920,0.9020678107445901,0.013112828834997363,0.08481936042041252
7921,0.8041000197220705,0.022032676396765247,0.17386730388116425
7922,0.02130882787393526,0.005052207438175607,0.9736389646878891
7923,0.9098553141507356,0.003886648148554804,0.08625803770070954
7924,0.6151344194625845,0.04508925055135922,0.3397763299860563
7925,0.0072266692450689745,0.01747662001007865,0.9752967107448525
7926,0.4719182612152137,0.0088511128472753,0.5192306259375109
7927,0.6118768112454643,0.0981608812314906,0.2899623075230449
7928,0.046750703558946484,0.04901528283041975,0.9042340136106338
7929,0.7042149101999902,0.1006829609028647,0.19510212889714512
7930,0.34659756933300373,0.1250872827518343,0.528315147915162
7931,0.7545847241519589,0.02407755776905264,0.2213377180789885
7932,0.24409635227629642,0.018859537655185377,0.7370441100685183
7933,0.47118724023559305,0.018058389331923268,0.5107543704324837
7934,0.9685556137886319,0.004048397801375262,0.02739598840999299
7935,0.8743489568388225,0.015315468134727894,0.1103355750264495
7936,0.8381095893136399,0.02378073098578853,0.1381096797005716
7937,0.10536659371681555,0.02957165440320243,0.8650617518799821
7938,0.9028074840719207,0.022371256957578044,0.07482125897050126
7939,0.46335953723720885,0.03518748121168122,0.5014529815511098
7940,0.8493898786113411,0.03338291137816735,0.11722721001049163
7941,0.18048817930127886,0.07920752958631487,0.7403042911124063
7942,0.8499220122361539,0.025952579295555646,0.12412540846829041
7943,0.002367023162907966,0.004964714217623431,0.9926682626194687
7944,0.9141688094555263,0.007786776498031815,0.07804441404644187
7945,0.9567287040174759,0.003373840744787388,0.03989745523773653
7946,0.8203383861551383,0.02795014243814197,0.1517114714067197
7947,0.6442807817936144,0.015607265729897232,0.3401119524764884
7948,0.23975029132795073,0.0558581593434275,0.7043915493286217
7949,0.5123112574139016,0.03827153367559134,0.44941720891050707
7950,0.8265318259680094,0.01823745194927,0.1552307220827206
7951,0.3655684372426771,0.05229939243793964,0.5821321703193832
7952,0.2274901438708248,0.05529032627874683,0.7172195298504284
7953,0.007628661141978427,0.0029611852350870764,0.9894101536229345
7954,0.7039655601102388,0.05311252973072028,0.24292191015904097
7955,0.15282274747927332,0.022539129824712695,0.824638122696014
7956,0.09198557412780516,0.03523149063081515,0.8727829352413797
7957,0.8084393722742702,0.02714585995423603,0.16441476777149358
7958,0.10417913625907199,0.02161317768939543,0.8742076860515327
7959,0.5428888666534201,0.06458512194465495,0.39252601140192495
7960,0.29375763822684176,0.043791957793091994,0.6624504039800662
7961,0.8564146403663991,0.015346925840652673,0.12823843379294825
7962,0.2914855845789407,0.03170591042495951,0.6768085049960998
7963,0.2990949338537404,0.02762553824995073,0.673279527896309
7964,0.01595465058992688,0.04510536299987734,0.9389399864101958
7965,0.9075923373197041,0.019908579357241125,0.0724990833230547
7966,0.7280152839740397,0.009362901556198348,0.26262181446976196
7967,0.8965661503136736,0.018306087553253466,0.08512776213307308
7968,0.8997074187735957,0.006409416640837542,0.0938831645855668
7969,0.31456706828711506,0.03894151716440659,0.6464914145484784
7970,0.8165079331506658,0.005743251908739482,0.1777488149405946
7971,0.9579816727100254,0.002503289109732015,0.03951503818024234
7972,0.3768260392547012,0.16448595259349708,0.4586880081518018
7973,0.937364285794425,0.009536062556145178,0.05309965164942971
7974,0.4047592943900854,0.11042938124774276,0.4848113243621719
7975,0.7490365829951398,0.0203920916631768,0.23057132534168348
7976,0.01572884966447486,0.005114772649305524,0.9791563776862195
7977,0.9475852270029423,0.01187742287099137,0.0405373501260662
7978,0.11250806988869318,0.028881487379822605,0.8586104427314842
7979,0.7050767916833441,0.017434251874187408,0.2774889564424684
7980,0.9219707321619648,0.003562920475706725,0.0744663473623284
7981,0.5986881307922148,0.08392642650686925,0.31738544270091595
7982,0.6302501945552438,0.046719899314710114,0.3230299061300461
7983,0.6738953526267518,0.11951243349386062,0.2065922138793876
7984,0.367195081125727,0.09029463208231035,0.5425102867919627
7985,0.7131884504525475,0.023942440875470285,0.26286910867198215
7986,0.259683898944768,0.15318564911178428,0.5871304519434477
7987,0.5800281029849952,0.11960547443421399,0.3003664225807909
7988,0.6998674116956193,0.026779601692104787,0.27335298661227597
7989,0.8327503999117902,0.02080837435773036,0.1464412257304795
7990,0.1429445041230688,0.007246976308851138,0.84980851956808
7991,0.12621204723103555,0.07479024548025544,0.7989977072887089
7992,0.908481674087909,0.01447058235306463,0.07704774355902634
7993,0.3862853504459082,0.05702281640305223,0.5566918331510395
7994,0.8813037932001804,0.026431229743856685,0.092264977055963
7995,0.8766164014401369,0.02549018922617493,0.09789340933368827
7996,0.08830554725753709,0.05873631529117219,0.8529581374512908
7997,0.8329041440732119,0.024613012651512254,0.14248284327527597
7998,0.00018421403997724957,0.001358424476867324,0.9984573614831553
7999,0.0007418446634465459,0.0008367670759256579,0.9984213882606278
8000,0.5884861458086911,0.01606947081165373,0.3954443833796552
8001,0.8488247787196009,0.016694541364583166,0.1344806799158159
8002,0.5063989120784783,0.12390999902185365,0.3696910888996681
8003,0.7775880210193259,0.08551142054893088,0.13690055843174315
8004,0.4209733188977828,0.03266934898582884,0.5463573321163883
8005,0.5613949323089031,0.0470785305074927,0.3915265371836042
8006,0.8900647061655231,0.01721743870024222,0.09271785513423461
8007,0.816710604460212,0.010628242133525959,0.17266115340626215
8008,0.954859543820672,0.008442064312279519,0.03669839186704831
8009,0.8030537685273427,0.017120634968760512,0.17982559650389696
8010,0.8952534000696195,0.017497730230554304,0.08724886969982615
8011,0.4737854695569188,0.039965856764477975,0.48624867367860314
8012,0.6999239182858283,0.021453830669783184,0.2786222510443884
8013,0.2415953235368355,0.0204223345154543,0.7379823419477102
8014,0.7727156797565874,0.06651603580122863,0.16076828444218402
8015,0.9522607835345684,0.007913881967749887,0.03982533449768171
8016,0.9255263617774832,0.01649882498038432,0.05797481324213262
8017,0.5860327363367286,0.010856054291582982,0.4031112093716885
8018,0.597560257400888,0.02988842289552622,0.37255131970358585
8019,0.8484183009748838,0.043487444066374545,0.1080942549587416
8020,0.5194780425133942,0.0344932600046959,0.44602869748190993
8021,0.039793179651326734,0.002985505299365037,0.9572213150493082
8022,0.19876089742945097,0.04052249750525382,0.7607166050652951
8023,0.8413922651545287,0.030317818831634643,0.12828991601383666
8024,0.8870495938555587,0.0036146157734250374,0.10933579037101637
8025,0.18987879243820618,0.04747551150112199,0.7626456960606719
8026,0.8745763369065851,0.01677972203370341,0.10864394105971141
8027,0.9344268678237775,0.0164403320281318,0.04913280014809075
8028,0.23349927258996953,0.0290688380161155,0.737431889393915
8029,0.43514835764977544,0.07886941218414172,0.4859822301660827
8030,0.8340256195423073,0.00717824540099537,0.15879613505669748
8031,0.6941181408610521,0.055982192415211615,0.24989966672373637
8032,0.9128668044320475,0.006563428805029451,0.08056976676292318
8033,0.1984778790561575,0.11661497386340881,0.6849071470804337
8034,0.7023615235032369,0.013307796914319107,0.28433067958244407
8035,0.8608881481502092,0.006123716360723247,0.13298813548906743
8036,0.9094212347493159,0.034196580595905156,0.05638218465477907
8037,0.14582024798025256,0.0547015871792128,0.7994781648405346
8038,0.7136348856502133,0.04244771563308842,0.24391739871669824
8039,0.20227845224450072,0.03345104170469463,0.7642705060508047
8040,0.316383169296726,0.10743112587293199,0.576185704830342
8041,0.15512652410962802,0.03843541508127953,0.8064380608090924
8042,0.0788501283907735,0.06557522865259205,0.8555746429566343
8043,0.8077452815558828,0.03108825168604202,0.1611664667580752
8044,0.01816118954781117,0.03079312321616075,0.9510456872360282
8045,0.27279906284303074,0.06108657144568985,0.6661143657112794
8046,0.763519719394006,0.007275058907367659,0.22920522169862634
8047,0.8569140401116536,0.025076276442543777,0.11800968344580273
8048,0.8829859321641196,0.01512707912306026,0.10188698871282019
8049,0.7396819483557034,0.08891616919883796,0.1714018824454587
8050,0.2462550594954771,0.023097721565913384,0.7306472189386095
8051,0.41647764517814984,0.05905031983596859,0.5244720349858816
8052,0.9344734131579876,0.02990007044155822,0.035626516400454236
8053,0.08673015024670423,0.030855951526860693,0.882413898226435
8054,0.804739764887194,0.019776542359994678,0.1754836927528113
8055,0.3117022300434214,0.04916083834118559,0.639136931615393
8056,0.8790058675960819,0.02389489144981259,0.09709924095410559
8057,0.877986066396302,0.01061678475037927,0.111397148853319
8058,0.6664494191187479,0.013289863697116537,0.32026071718413546
8059,0.8418136517840589,0.029415517713291924,0.12877083050264923
8060,0.1496317370535799,0.14679064637175354,0.7035776165746666
8061,0.26342966022907705,0.06154714372268475,0.6750231960482381
8062,0.1994937932071801,0.0261333760811873,0.7743728307116327
8063,0.9389687325760117,0.01209807622716547,0.0489331911968228
8064,0.07525330630587634,0.031182990812733503,0.8935637028813902
8065,0.9047136857925229,0.01782550816770645,0.07746080603977065
8066,0.9705736948407097,0.0072250798985717644,0.022201225260718528
8067,0.1000337278106246,0.02844595076552778,0.8715203214238476
8068,0.6246536411433777,0.057173510841270064,0.3181728480153521
8069,0.7360441898812445,0.032162993440675705,0.2317928166780797
8070,0.9394958595648857,0.00740853455738833,0.05309560587772597
8071,0.9344245364032825,0.010367208141700664,0.05520825545501682
8072,0.9134287659386947,0.013257504785765824,0.07331372927553954
8073,0.8982239073825184,0.01807712421949476,0.08369896839798678
8074,0.5495141813554845,0.02633115008008117,0.4241546685644344
8075,0.6858350824024098,0.03894300868440704,0.27522190891318327
8076,0.8919076400874929,0.015564674465137165,0.09252768544737
8077,0.22289127573670695,0.03690949281773219,0.7401992314455609
8078,0.16676850263187468,0.07752930838180808,0.7557021889863172
8079,0.9019137711555553,0.014935183470603927,0.08315104537384085
8080,0.7664570827293714,0.0418413969754976,0.19170152029513088
8081,0.8601712833271833,0.02198596334885462,0.11784275332396223
8082,0.6271744510401368,0.020287252136846706,0.3525382968230165
8083,0.29823798614433744,0.11090172208065947,0.5908602917750031
8084,0.30006846039446156,0.033658714028205354,0.6662728255773331
8085,0.8862133067394095,0.030659408166476432,0.08312728509411396
8086,7.087538523088842e-05,0.0003550377658597282,0.9995740868489094
8087,0.8420723399170603,0.01975149927450666,0.13817616080843298
8088,0.5357672246207787,0.03521579776807085,0.4290169776111503
8089,0.8476416857958401,0.007685970275472132,0.14467234392868786
8090,0.034117685802311774,0.042122909072857644,0.9237594051248306
8091,0.9297190205488783,0.013107052278907213,0.05717392717221436
8092,0.014518794649793932,0.011300747643525556,0.9741804577066804
8093,0.8172791879560994,0.02515056186937632,0.15757025017452422
8094,0.34631511751109567,0.1230656095902192,0.5306192728986852
8095,0.5871107851770592,0.10189507265328629,0.31099414216965443
8096,0.5032464713963718,0.012575827883843623,0.4841777007197845
8097,0.26084670375317326,0.016320845490800463,0.7228324507560262
8098,0.8041176345383549,0.029341199695563973,0.16654116576608105
8099,0.47656972031530986,0.030607861469560762,0.4928224182151294
8100,0.015020466918780376,0.012433338983432473,0.9725461940977872
8101,0.5734431164696027,0.07525669721538458,0.3513001863150128
8102,0.7844790118159121,0.018901376172154004,0.19661961201193387
8103,0.7592891231103219,0.03640104951996403,0.20430982736971395
8104,0.5117979816989845,0.03959406758459802,0.4486079507164174
8105,0.006953209189046387,0.00871495174134247,0.9843318390696112
8106,0.9173989788837458,0.014544248645203957,0.06805677247105021
8107,0.09852400452024829,0.044629399992926366,0.8568465954868254
8108,0.8740419807095932,0.026035006347710048,0.0999230129426968
8109,0.8256048095523796,0.007042057656732136,0.16735313279088818
8110,0.8753540789069915,0.042856229708795386,0.08178969138421303
8111,0.5832971133323143,0.09301167767057052,0.3236912089971152
8112,0.4320377833125736,0.03993960524929095,0.5280226114381356
8113,0.058256356731458715,0.0449894146791974,0.896754228589344
8114,0.062413906385277766,0.15312676193684022,0.784459331677882
8115,0.9040653174880467,0.019237275089705512,0.07669740742224773
8116,0.6522787803029404,0.05985652619679284,0.2878646935002667
8117,0.09956271041029005,0.030076013695178826,0.8703612758945312
8118,0.4827344612977593,0.09471600642625165,0.4225495322759891
8119,0.8475645063359925,0.008869332279794506,0.14356616138421302
8120,0.8340234960714673,0.03417298765142967,0.13180351627710293
8121,0.24820260096898558,0.0372997742776102,0.7144976247534042
8122,0.9712236111575547,0.004732564898270705,0.024043823944174546
8123,0.9583871087324483,0.008921133952563417,0.03269175731498823
8124,0.49551563183751446,0.0663411185306745,0.43814324963181106
8125,0.6950967068965046,0.036723688796175005,0.26817960430732046
8126,0.780755025294177,0.016768613385895127,0.202476361319928
8127,0.2731033411186957,0.061394247696648196,0.6655024111846559
8128,0.559012672141347,0.020673884483601235,0.4203134433750517
8129,0.901335402073867,0.050208522102221174,0.04845607582391196
8130,0.2901117283927287,0.03257704389044193,0.6773112277168293
8131,0.13392475256707756,0.031782060020718546,0.8342931874122039
8132,0.6533059156776072,0.02280670735731952,0.32388737696507336
8133,0.7607968925739479,0.07784747604737619,0.16135563137867595
8134,0.8448284205902803,0.018407061135443846,0.13676451827427583
8135,0.04327623723553126,0.03604627339077321,0.9206774893736955
8136,0.012575602540974892,0.03114009429764629,0.9562843031613788
8137,0.8097396189000793,0.008731872163050578,0.18152850893687014
8138,0.0698555848432631,0.028526769277156472,0.9016176458795804
8139,0.16297133799848065,0.03405890020124009,0.8029697618002792
8140,0.6976847758438213,0.04039740073438445,0.2619178234217944
8141,0.9403780958243838,0.011558040469648269,0.048063863705967956
8142,0.8977514523684919,0.046761687911855934,0.05548685971965229
8143,0.9170559182192068,0.01868864597249162,0.0642554358083016
8144,0.18426810951845154,0.10478966885799622,0.7109422216235523
8145,0.8028013629975054,0.018833780272962595,0.17836485672953187
8146,0.9691595386005794,0.0032980288191076044,0.027542432580313015
8147,0.6377814167137443,0.023178824841782443,0.33903975844447326
8148,0.8560003227854012,0.02661045087667565,0.11738922633792317
8149,0.8452698565096901,0.03692788775009491,0.11780225574021495
8150,0.8155203271809999,0.024254227164745193,0.16022544565425498
8151,0.5081913198735953,0.01860810386716646,0.47320057625923806
8152,0.9596003636893914,0.006000522187122275,0.03439911412348643
8153,0.8727128512907099,0.015988239920845002,0.11129890878844516
8154,0.8476144416113738,0.03785348568163832,0.11453207270698788
8155,0.12349245230027808,0.040556364828276896,0.835951182871445
8156,0.9562456082341594,0.0125198848781288,0.03123450688771164
8157,0.598348235706061,0.040087769226764096,0.36156399506717485
8158,0.8865068830502403,0.038584863642744716,0.074908253307015
8159,0.5110588400006039,0.02881125501906513,0.460129904980331
8160,0.4835046397898771,0.03310863724811378,0.483386722962009
8161,0.764193359594681,0.044350516238775325,0.19145612416654365
8162,0.5717937924787663,0.06391044444777351,0.36429576307346034
8163,0.4165271374144773,0.027252788039602894,0.5562200745459198
8164,0.8613340396717444,0.033495436109029594,0.10517052421922615
8165,0.16376593790731625,0.06440182038349951,0.7718322417091842
8166,0.8319760969054726,0.00739466137222071,0.16062924172230672
8167,0.209722613953952,0.015164233402574797,0.7751131526434731
8168,0.6783715455559929,0.017127265693197887,0.30450118875080917
8169,0.8472380128224279,0.013498264141282832,0.13926372303628914
8170,0.5551895228944769,0.08030684534434071,0.36450363176118245
8171,0.03266256055467177,0.0009084831274636886,0.9664289563178644
8172,0.3186818955118135,0.04663357937076011,0.6346845251174265
8173,0.7378104205267818,0.02957846022230319,0.2326111192509151
8174,0.9664865001275156,0.0024164949138572255,0.03109700495862718
8175,0.8034199038947127,0.03006301441528891,0.16651708168999846
8176,0.6512920698338158,0.034934228422005546,0.3137737017441786
8177,0.34503874226320874,0.12306445307712725,0.5318968046596639
8178,0.43425305569580497,0.07967866940352432,0.4860682749006707
8179,0.45487181417472955,0.025508472105112916,0.5196197137201576
8180,0.8244035162362786,0.07382349077257738,0.10177299299114388
8181,0.2626508197619028,0.026351639813718592,0.7109975404243786
8182,0.9242110085283016,0.018687863408276828,0.057101128063421484
8183,0.39728276746186136,0.04854262879980025,0.5541746037383385
8184,0.7575520755595628,0.03418228637450068,0.20826563806593645
8185,0.9589534232541302,0.019654347906490732,0.02139222883937888
8186,0.7101116689646727,0.05525424476125506,0.23463408627407217
8187,0.5320690157589573,0.12358578945679304,0.34434519478424974
8188,0.8298409995028089,0.017406866492610498,0.15275213400458068
8189,0.254596195882741,0.0534188797605367,0.6919849243567222
8190,0.41344491881049683,0.21398107725671417,0.3725740039327891
8191,0.9240607834565138,0.005358952906694455,0.07058026363679183
8192,0.7880755286382245,0.016121162191914933,0.19580330916986055
8193,0.8557700605086819,0.00879449032097023,0.13543544917034794
8194,0.9288794129582794,0.02193526621336763,0.04918532082835309
8195,0.9128695172892168,0.008910183563962348,0.07822029914682078
8196,0.7641453817012781,0.027019179801557682,0.2088354384971643
8197,0.6084193606566354,0.01634267241164673,0.37523796693171796
8198,0.3424070321871657,0.03227995772170992,0.6253130100911244
8199,0.7787628048486922,0.05374538352153288,0.1674918116297749
8200,0.9406127316969585,0.015063792808822106,0.04432347549421931
8201,0.16949149491592425,0.024958122146620097,0.8055503829374556
8202,0.24084576539237448,0.046940174825330784,0.7122140597822947
8203,0.855876218341918,0.009793860258246526,0.13432992139983568
8204,0.45184340621378666,0.0665042584047366,0.48165233538147667
8205,0.8585863121242095,0.007919799644083117,0.13349388823170735
8206,0.3234115128659317,0.034248431315654713,0.6423400558184136
8207,0.8794748624453936,0.015544759557334677,0.1049803779972717
8208,0.21772607039909536,0.07751140317165475,0.7047625264292499
8209,0.7271188084186819,0.02544595872194964,0.24743523285936841
8210,0.794699643938317,0.021586396198558316,0.18371395986312464
8211,0.3136553840359847,0.04713128283642189,0.6392133331275934
8212,0.9421411488874849,0.005737070490906102,0.05212178062160888
8213,0.8930394905630464,0.020655875612620944,0.08630463382433276
8214,0.1068053358738751,0.03569829143443397,0.8574963726916909
8215,0.8004307735148086,0.07278560744891656,0.12678361903627475
8216,0.797871715091385,0.02016960823950316,0.18195867666911184
8217,0.7600626100291021,0.07836816340490084,0.16156922656599715
8218,0.17011333757675454,0.05891024313486489,0.7709764192883806
8219,0.7090159766955431,0.07261786071920447,0.21836616258525246
8220,0.9368887623343756,0.0066684701444360405,0.056442767521188444
8221,0.07295596541604951,0.045311614695016184,0.8817324198889342
8222,0.4915062358949584,0.06367118794337337,0.4448225761616682
8223,0.7643459476617398,0.04942557731702264,0.1862284750212375
8224,0.5915921518440438,0.08236820192376755,0.3260396462321886
8225,0.01787022455489627,0.07080493955070186,0.9113248358944019
8226,0.0018526427388187627,0.0033324532914303824,0.9948149039697509
8227,0.8939260655181129,0.032398525557962805,0.07367540892392442
8228,0.9200780101611336,0.010853490991782837,0.06906849884708371
8229,0.027706669334214458,0.012595060020904205,0.9596982706448813
8230,0.8008146276781634,0.07463883954345482,0.12454653277838189
8231,0.8126039492505736,0.0650423452377268,0.12235370551169972
8232,0.15874268935878236,0.036414383171768774,0.8048429274694489
8233,0.1711156964714861,0.015793606773949805,0.813090696754564
8234,0.9334960725722244,0.01168422483297871,0.054819702594796856
8235,0.489815144485861,0.03520873173477766,0.4749761237793615
8236,0.34602937489491314,0.019120097462651812,0.634850527642435
8237,0.6655679305287681,0.04049462736755833,0.2939374421036736
8238,0.46914499362851364,0.010429432261140974,0.5204255741103455
8239,0.24442450590044348,0.07029269426277457,0.685282799836782
8240,0.8306310409758446,0.03780664412853479,0.13156231489562065
8241,0.0005999167510719643,0.0009962612656212297,0.9984038219833067
8242,0.7914479386517157,0.026664539417577026,0.1818875219307072
8243,0.8519488706460794,0.03152679969891189,0.11652432965500865
8244,0.9715319685903172,0.0011863096805226523,0.027281721729160213
8245,0.8030683643992417,0.05066304830573497,0.14626858729502343
8246,0.3118970748588831,0.03331011342725243,0.6547928117138645
8247,0.9790180962387465,0.007572605879020422,0.01340929788223314
8248,0.931496153606568,0.015258040248661888,0.053245806144769973
8249,0.846905869897995,0.0214915380426689,0.13160259205933597
8250,0.9371180536684807,0.028924299872453516,0.03395764645906571
8251,0.5262902563759982,0.022414795944794653,0.451294947679207
8252,0.8253632737676955,0.029005390497711555,0.14563133573459297
8253,0.8707665518526848,0.022840483296371086,0.10639296485094416
8254,0.5668644130811026,0.029156865270328413,0.403978721648569
8255,0.5830552307906645,0.16826507660248705,0.24867969260684847
8256,0.7236197426664411,0.07722561482870688,0.19915464250485204
8257,0.8131402512899588,0.06492193208514248,0.12193781662489885
8258,0.00025655688858534285,0.00045913242275505054,0.9992843106886596
8259,0.05397312725334817,0.05659758083964232,0.8894292919070095
8260,0.9309576207169709,0.00907362158766197,0.05996875769536707
8261,0.9301906527331802,0.009781458442889758,0.060027888823929926
8262,0.6572337744300815,0.01810445490148358,0.32466177066843505
8263,0.8991884875791147,0.031549893267709905,0.0692616191531753
8264,0.8285192126416115,0.011284300608774845,0.16019648674961365
8265,0.6995175813465757,0.045187553831833274,0.255294864821591
8266,0.003981730424791467,0.002182304856833829,0.9938359647183747
8267,0.8395663868984682,0.017947832256759243,0.14248578084477254
8268,0.8715144837954386,0.014901251697130873,0.1135842645074306
8269,0.8711629436591021,0.04250254058773533,0.0863345157531624
8270,0.6024744426142465,0.039974970733654844,0.3575505866520988
8271,0.8593525108444325,0.030221661266586552,0.11042582788898102
8272,0.9371857077228036,0.004306059655630211,0.058508232621566236
8273,0.5295288940201069,0.0477797205794923,0.4226913854004007
8274,0.8274090980234097,0.01927224438337938,0.15331865759321092
8275,0.3390139446717295,0.17882347198922507,0.4821625833390455
8276,0.5704895377727492,0.024272185921709728,0.40523827630554116
8277,0.7891810949884948,0.024502248593478257,0.18631665641802692
8278,0.8423055025315485,0.013822817860998683,0.14387167960745284
8279,0.8894083091151199,0.008976178793505433,0.1016155120913747
8280,0.046622582007053534,0.019672383234068152,0.9337050347588783
8281,0.9208662158920177,0.013063777484731334,0.06607000662325103
8282,0.873003294752817,0.042020047026875625,0.08497665822030727
8283,0.8685932060909304,0.01715439935448063,0.11425239455458897
8284,0.7427713051865922,0.03248199165919158,0.22474670315421616
8285,0.15896612166288135,0.09101411375346984,0.7500197645836487
8286,0.9573013739573798,0.008260166233714946,0.03443845980890527
8287,0.6656439498908799,0.012555779356271574,0.32180027075284845
8288,0.9348932585872145,0.01221708586963335,0.05288965554315214
8289,0.25165785187215733,0.03524037701245912,0.7131017711153835
8290,0.10711475592170298,0.007393012014950677,0.8854922320633463
8291,0.4162956963867635,0.024651985491137986,0.5590523181220985
8292,0.7441104309401684,0.03294297106085259,0.22294659799897917
8293,0.9341215538065838,0.006582029202741394,0.059296416990674804
8294,0.8923089750534923,0.01674398907293408,0.09094703587357367
8295,0.94419877523277,0.014686687624180711,0.04111453714304938
8296,0.12987082066094682,0.1100197549862266,0.7601094243528266
8297,0.7930948287580939,0.018028727067277008,0.18887644417462907
8298,0.9177515891786918,0.020954353977098987,0.061294056844209306
8299,0.762302573445126,0.03470593047156948,0.2029914960833045
8300,0.7741329802987056,0.020732199745299267,0.20513481995599528
8301,0.3758075477836992,0.020409538663738482,0.6037829135525623
8302,0.057232161782233774,0.0846513909999573,0.858116447217809
8303,0.8818733588494927,0.010666497322055853,0.10746014382845147
8304,0.20532538353561078,0.05055300552164057,0.7441216109427486
8305,0.9200577312237123,0.0275975731779515,0.052344695598336266
8306,0.7780853785016036,0.01648426700150811,0.20543035449688812
8307,0.0005496662348576107,0.00951742902504023,0.9899329047401021
8308,0.5617412951507749,0.011014719558924687,0.42724398529030033
8309,0.3365561114733149,0.028759239371178663,0.6346846491555065
8310,0.7760888746201485,0.023706121913877203,0.2002050034659744
8311,0.8926600505554291,0.01629190253591236,0.09104804690865848
8312,0.8910743584641592,0.012192756553199175,0.09673288498264171
8313,0.7868277676753019,0.03019822218613815,0.18297401013855985
8314,0.878204547927917,0.0174904439535558,0.10430500811852715
8315,0.7601422881407928,0.04578486552192695,0.19407284633728025
8316,0.8044898468920882,0.03301605161335564,0.16249410149455612
8317,0.6852893611935337,0.04793094843433079,0.26677969037213556
8318,0.7528710229754749,0.0338918452486327,0.21323713177589226
8319,0.009566765862719623,0.002762813900464716,0.9876704202368157
8320,0.9279485879126672,0.0135541318027112,0.05849728028462157
8321,0.6078557414100113,0.027284363366617694,0.36485989522337087
8322,0.49837828300873477,0.038456223034369526,0.4631654939568958
8323,0.0011922568657807989,0.0010879017113029786,0.9977198414229163
8324,0.1755888182350028,0.022777557703666587,0.8016336240613305
8325,0.9494505023914794,0.0167160221602385,0.0338334754482822
8326,0.8823095527855278,0.024381479666635692,0.09330896754783652
8327,0.8163442759632493,0.03811418346316687,0.14554154057358373
8328,0.0004363929257894865,0.005131071044009943,0.9944325360302007
8329,0.8438372255616616,0.0293350422609894,0.12682773217734894
8330,0.565665527951336,0.04207043363607124,0.39226403841259283
8331,0.9338165415722506,0.016259675133342862,0.049923783294406554
8332,0.5407847441450312,0.06111902549495995,0.39809623036000896
8333,0.716456432881826,0.012388074047609747,0.2711554930705642
8334,0.7392790920390185,0.013815739593437603,0.24690516836754386
8335,0.8680558621248142,0.011599162511586936,0.12034497536359885
8336,0.39621888505415964,0.03192136149629327,0.571859753449547
8337,0.6437554521070963,0.013499558024104592,0.34274498986879914
8338,0.9151883297881,0.0170218135305775,0.0677898566813225
8339,0.38975148182467345,0.09008484360220435,0.5201636745731222
8340,0.9224739912306399,0.008825153227877695,0.06870085554148236
8341,0.8700152967617514,0.019143290401563755,0.11084141283668474
8342,0.8809333735480179,0.042279276261532966,0.07678735019044909
8343,0.7983127649136482,0.025300879959851946,0.1763863551265
8344,0.0462924719317127,0.04866781171951352,0.9050397163487738
8345,0.8739371114794237,0.015072481707687213,0.11099040681288921
8346,0.019244544688904363,0.004783306086910957,0.9759721492241846
8347,0.2754005576717153,0.06610014217626897,0.6584993001520157
8348,0.30204047173530013,0.07058499439757432,0.6273745338671256
8349,0.9586710498891692,0.009088988882906664,0.032239961227924094
8350,0.8172576444076806,0.019147170493529028,0.1635951850987903
8351,0.6415416473841684,0.010801416203873017,0.34765693641195855
8352,0.8553762527486998,0.015047067641082337,0.12957667961021807
8353,0.027464610831316263,0.004269781651285771,0.9682656075173981
8354,0.049401447694453066,0.0536786458265281,0.8969199064790189
8355,0.9612771714562311,0.00680655367720293,0.031916274866565814
8356,0.7466678160806873,0.01739067794670934,0.2359415059726032
8357,0.04316440701012297,0.009589194986099298,0.9472463980037776
8358,0.23764948849304268,0.07115226301984276,0.6911982484871145
8359,0.9258313704914811,0.015438965070784199,0.058729664437734745
8360,0.9119231597420732,0.012366437464402327,0.07571040279352435
8361,0.5778428918904147,0.02655848236768057,0.39559862574190474
8362,0.7874714995444124,0.02375104698616766,0.18877745346942004
8363,0.4700510224319431,0.029982226261412382,0.49996675130664453
8364,0.8970183707442209,0.02527565004729652,0.07770597920848263
8365,0.8025333200609234,0.020149386585276017,0.17731729335380073
8366,0.49811610251000266,0.021886132091214337,0.4799977653987829
8367,0.8847514101721388,0.002172013575399934,0.11307657625246141
8368,0.8622272089036623,0.024359801650999244,0.11341298944533827
8369,0.24776068623795675,0.017926739947890083,0.7343125738141532
8370,0.837821024383253,0.043607278093005145,0.11857169752374179
8371,0.7225747727672341,0.024927238749915176,0.2524979884828506
8372,0.005927910852894288,0.002730230550661915,0.9913418585964437
8373,0.06274631693275384,0.021516779394194704,0.9157369036730515
8374,0.14207626533336026,0.022682201232638748,0.8352415334340011
8375,0.9480693071446118,0.011614692991037094,0.040315999864351165
8376,0.19061714449754247,0.03757211578535264,0.7718107397171048
8377,0.8465516797328692,0.025731415874166472,0.12771690439296438
8378,0.8507117184807851,0.02880610785477699,0.12048217366443786
8379,0.9506817319823349,0.01986553196078522,0.0294527360568799
8380,0.7567632588471306,0.02092523278912379,0.22231150836374555
8381,0.8930516067267015,0.0343725014762638,0.07257589179703477
8382,0.835228360558644,0.01456047530705265,0.15021116413430333
8383,0.8034157672370386,0.027097904461596007,0.1694863283013654
8384,0.8946588602540301,0.010632384134819005,0.0947087556111508
8385,0.1357966775846225,0.06023277014716143,0.8039705522682161
8386,0.4320409277832174,0.05057623500575282,0.5173828372110298
8387,0.9002764255372985,0.013029974201324903,0.0866936002613768
8388,0.5507976305411258,0.029990042738715094,0.4192123267201592
8389,0.489762006937646,0.10958066700797393,0.40065732605438004
8390,0.07045277291242438,0.046730292632470055,0.8828169344551056
8391,0.5030030638641068,0.05501446653245372,0.4419824696034396
8392,0.8430224289628062,0.019509019363580488,0.1374685516736132
8393,0.9534750840721936,0.013580127888983214,0.03294478803882329
8394,0.14057627855731714,0.18238049376296522,0.6770432276797176
8395,0.47145557005918176,0.026179119906438824,0.5023653100343795
8396,0.7709820818061289,0.028515882620661404,0.20050203557320959
8397,0.8447961332948405,0.015408818552254901,0.13979504815290478
8398,0.9111285086266319,0.02173320274175684,0.06713828863161124
8399,0.7722346199982327,0.07454472908804287,0.15322065091372425
8400,0.0028455267759305305,0.0024683321250985324,0.994686141098971
8401,0.29055831077742755,0.0701136924253248,0.6393279967972476
8402,0.33496254865761094,0.05478724740666449,0.6102502039357246
8403,0.18257012077434276,0.12189206846385132,0.6955378107618059
8404,0.7843318099233035,0.019078556684697722,0.19658963339199867
8405,0.005733962157522741,0.003634388161048604,0.9906316496814287
8406,0.7883768815110983,0.015114030639127096,0.1965090878497746
8407,0.8666898733911303,0.016693778977288524,0.11661634763158127
8408,0.6266512737788079,0.021882068046997983,0.35146665817419404
8409,0.010946645026062548,0.025911113850910824,0.9631422411230266
8410,0.3975075663175624,0.0944021774916628,0.5080902561907749
8411,0.6864954801950862,0.02715944102031449,0.28634507878459925
8412,0.029026381908017686,0.0017351010089355124,0.9692385170830468
8413,0.013140376253165506,0.0029045490240793134,0.9839550747227551
8414,0.890880933436538,0.017403150182996523,0.09171591638046539
8415,0.8194590520109643,0.03381381438162833,0.1467271336074073
8416,0.8113799804520617,0.015600433122722038,0.17301958642521617
8417,0.7206747290080091,0.009369228068833125,0.2699560429231577
8418,0.7746101463088334,0.05048514290092735,0.1749047107902393
8419,0.3311908985603713,0.03319591644886277,0.6356131849907659
8420,0.555843701790676,0.02243509804452642,0.4217212001647976
8421,0.09782129176247022,0.05001518257677268,0.8521635256607571
8422,0.9150163629777212,0.014477884832897676,0.07050575218938118
8423,0.5866504542289205,0.05338352668953389,0.35996601908154563
8424,0.7218859798048427,0.04280051610267894,0.23531350409247842
8425,0.360989469529035,0.11109201373512524,0.5279185167358397
8426,0.21357957318112708,0.08485249050575332,0.7015679363131196
8427,0.5114478452089797,0.07409419045920562,0.41445796433181475
8428,0.9618497887737075,0.006044673818605532,0.032105537407686915
8429,0.9267692444439655,0.013295708748098201,0.05993504680793636
8430,0.8839888949984261,0.039463644534064174,0.07654746046750961
8431,0.004316302720948988,0.011330828237100979,0.98435286904195
8432,0.7511985628302605,0.047598937932732586,0.20120249923700678
8433,0.6797042820371927,0.06640705684735308,0.2538886611154543
8434,0.07219290235039102,0.03723482092627302,0.8905722767233359
8435,0.8359735210953785,0.005530637292910675,0.15849584161171093
8436,0.6578777984622171,0.025717773043493108,0.3164044284942898
8437,0.20459403970246373,0.026209639052508414,0.7691963212450278
8438,0.9031453937362689,0.02773850901867111,0.06911609724506008
8439,0.7228603101140505,0.019996926076407566,0.2571427638095419
8440,0.7056168435365164,0.06983640147150903,0.22454675499197452
8441,0.330417749830321,0.020854133676894402,0.6487281164927845
8442,0.9032617000705342,0.011012238696441115,0.08572606123302462
8443,0.9196469305849092,0.006483214534473231,0.07386985488061759
8444,0.8229230085818695,0.03168986140315465,0.14538713001497583
8445,0.8644633228576842,0.05060643505533759,0.08493024208697814
8446,0.570840938300255,0.035791684364131104,0.3933673773356139
8447,0.11499155806921428,0.07968845616442218,0.8053199857663634
8448,0.7165927129749429,0.017687319777901674,0.26571996724715563
8449,0.5616806817351822,0.07332715997475807,0.36499215829005976
8450,0.5178391791228149,0.07093559550897323,0.4112252253682119
8451,0.7617179361258044,0.02806643731777503,0.21021562655642048
8452,0.9196495404618222,0.015257348591865965,0.06509311094631177
8453,0.6487540157486417,0.027843122100671004,0.3234028621506873
8454,0.597047441220233,0.042235463040856264,0.3607170957389107
8455,0.5642014386603649,0.007306628670862944,0.42849193266877234
8456,0.5441262156453378,0.030713374194395158,0.42516041016026695
8457,0.8704943236560043,0.012395249713652598,0.11711042663034295
8458,0.7203219693193771,0.09163433191005313,0.18804369877056984
8459,0.9128608071391687,0.023728228114032336,0.06341096474679878
8460,0.8642245427783964,0.016734072752785583,0.11904138446881816
8461,0.1426741671405165,0.04069382939647524,0.8166320034630082
8462,0.8962631104922469,0.03223238127674544,0.07150450823100762
8463,0.33128357585638774,0.012450583776724748,0.6562658403668875
8464,0.7965108948932429,0.09692310357943662,0.1065660015273205
8465,0.28871308962135345,0.024397190180708243,0.6868897201979383
8466,0.6242263037198537,0.06071801582755603,0.3150556804525902
8467,0.8679416825739007,0.01067768877981277,0.12138062864628667
8468,0.1510450669339685,0.024765388651092953,0.8241895444149386
8469,0.2310196087797002,0.07544810042482471,0.6935322907954752
8470,0.5075343159296416,0.03844658757084832,0.45401909649951017
8471,0.9243518952036983,0.010168537095183122,0.06547956770111861
8472,0.6911635761449361,0.06979528268872193,0.23904114116634198
8473,0.8647877757876197,0.051290857183914296,0.08392136702846602
8474,0.6819925272451521,0.03916480551704152,0.2788426672378063
8475,0.4065701179333931,0.07360007799579606,0.5198298040708108
8476,0.9199245273860721,0.012766660875237925,0.06730881173869008
8477,0.7453030655746469,0.07128792614127244,0.18340900828408063
8478,0.8696347180551677,0.04062373981875719,0.08974154212607523
8479,0.8631190888646084,0.014345945275327473,0.12253496586006413
8480,0.9020700185208878,0.01348365397975783,0.08444632749935452
8481,0.9157029775874346,0.02571567555948969,0.05858134685307558
8482,0.6662922358446791,0.010990444633431342,0.3227173195218896
8483,0.17576511807610987,0.023792403357584993,0.800442478566305
8484,0.6308895458796115,0.04090700758649926,0.3282034465338892
8485,0.9081501051097158,0.0264849769339268,0.06536491795635753
8486,0.271143582314814,0.03887933758494578,0.6899770801002403
8487,0.6450217055629377,0.05428036461528323,0.30069792982177906
8488,0.8597417538342277,0.02597932182334191,0.11427892434243037
8489,0.8417686427744754,0.025096477563086975,0.1331348796624377
8490,0.08144048386479273,0.0165961956966594,0.9019633204385479
8491,0.31342544240837583,0.03738612653938049,0.6491884310522437
8492,0.8043056807222303,0.03823654166480233,0.1574577776129674
8493,0.9087476047082755,0.007958933400757328,0.08329346189096713
8494,0.7578406819103664,0.029895578224560692,0.21226373986507296
8495,0.6524406481626698,0.09822007315119004,0.24933927868614003
8496,0.861339452032419,0.051711277627687624,0.08694927033989326
8497,0.8694451008253311,0.019346992967442564,0.11120790620722627
8498,0.1264953035966507,0.03997587424172665,0.8335288221616226
8499,0.8845082762628332,0.011760336458080835,0.10373138727908601
8500,0.790263918604317,0.0337891498967795,0.1759469314989034
8501,0.8055254030037236,0.020950200132723668,0.1735243968635527
8502,0.012495800294212179,0.034308988853452654,0.9531952108523352
8503,0.6503083443850604,0.07737046518367378,0.27232119043126585
8504,0.31711105362943115,0.032242008806813605,0.6506469375637551
8505,0.9697824685539006,0.004252244041221294,0.025965287404878083
8506,0.9112530678042189,0.013380969354328993,0.07536596284145211
8507,0.7058909424729538,0.026104266749064044,0.2680047907779823
8508,0.8052725159693145,0.02103430045881171,0.17369318357187388
8509,0.8889260686033631,0.012563439215682535,0.09851049218095445
8510,0.6578289886808731,0.02957822554245911,0.31259278577666766
8511,0.8054984717707757,0.030380991644584115,0.16412053658464013
8512,0.14787286724523102,0.037909495232573476,0.8142176375221954
8513,0.6111203158523888,0.07608126463725139,0.31279841951035975
8514,0.06112131081501792,0.014310210861722272,0.9245684783232597
8515,0.8091646487406149,0.009044283691658722,0.18179106756772648
8516,0.1897131361562906,0.023268699446883347,0.7870181643968259
8517,0.6381626314390428,0.020663921991304124,0.3411734465696531
8518,0.5776966475627732,0.15698002220884513,0.2653233302283817
8519,0.26585604684983133,0.10133535390496434,0.6328085992452044
8520,0.8370852318513878,0.06443529885237832,0.09847946929623376
8521,0.893712001226254,0.011148971622420097,0.09513902715132572
8522,0.8604523451981305,0.02860047741499351,0.11094717738687597
8523,0.0176198100297953,0.020694651536734478,0.9616855384334702
8524,0.9198708645814752,0.03866990541421089,0.04145923000431402
8525,0.2987500948203164,0.02437967013142854,0.676870235048255
8526,0.8907514317274973,0.007602824667902132,0.10164574360460052
