id,Status_C,Status_CL,Status_D
7905,0.7985283681560637,0.012456759825843947,0.18901487201809225
7906,0.8206713520149227,0.03855775831760649,0.140770889667471
7907,0.11909566475973828,0.078318236672709,0.8025860985675529
7908,0.8404754044296777,0.02726021769605305,0.1322643778742692
7909,0.6826718449648194,0.026044244739234855,0.291283910295946
7910,0.9000599957822403,0.036931842232850044,0.06300816198490965
7911,0.8605152447995221,0.049945234171589456,0.08953952102888849
7912,0.3704017998014648,0.04069925538272312,0.5888989448158123
7913,0.0010374385221620795,0.014314714112648256,0.98464784736519
7914,0.015066379234300688,0.03144029371510818,0.9534933270505914
7915,0.35503318650681376,0.014277071489107559,0.6306897420040787
7916,0.5933671288320665,0.037874795003790415,0.36875807616414297
7917,0.3214018885257542,0.03791475320348518,0.6406833582707605
7918,0.6720674943918331,0.03182087649558294,0.2961116291125839
7919,0.5045639833063612,0.027611660808464455,0.4678243558851744
7920,0.880692660859718,0.03071436033926454,0.08859297880101752
7921,0.8062132968312272,0.027368564747772925,0.16641813842099984
7922,0.04858733907347865,0.07894061833134933,0.8724720425951721
7923,0.8768093579956995,0.02871563733764588,0.09447500466665484
7924,0.6320424710463487,0.03707876596733391,0.33087876298631724
7925,0.0077137621316906305,0.03182161409846679,0.9604646237698427
7926,0.5187675138515954,0.019661936323827418,0.4615705498245771
7927,0.6205495380623606,0.04463157679614789,0.33481888514149133
7928,0.03174139266396086,0.04152930996268817,0.9267292973733507
7929,0.7472916547018758,0.05090120275883179,0.2018071425392925
7930,0.39171903052540125,0.05389101225231551,0.554389957222283
7931,0.7728303244899339,0.02200648169139224,0.20516319381867396
7932,0.2564656946196318,0.03177818140812514,0.7117561239722431
7933,0.5150791402699564,0.03939889461462237,0.4455219651154213
7934,0.9135980944336518,0.04401169463418379,0.04239021093216434
7935,0.8240996039538696,0.05201238751584754,0.12388800853028296
7936,0.8226466233438474,0.02829465509733938,0.14905872155881314
7937,0.10957537100400033,0.04129411647114917,0.8491305125248506
7938,0.8483482018317845,0.06146369174833661,0.09018810641987884
7939,0.3781965775103084,0.03387866815524468,0.587924754334447
7940,0.8390699376342862,0.020690469324167824,0.14023959304154593
7941,0.17336753973625654,0.06854559781088189,0.7580868624528617
7942,0.8234338222608449,0.044443853568352135,0.13212232417080277
7943,0.05075555861499407,0.15355632910226372,0.7956881122827424
7944,0.8815399798248632,0.03062781078043465,0.08783220939470211
7945,0.9215483426974832,0.029016652409793675,0.049435004892722956
7946,0.8148744120883284,0.03482710938865425,0.15029847852301728
7947,0.6832944861121379,0.03346581782576969,0.28323969606209265
7948,0.249892856561286,0.031137270218271694,0.7189698732204421
7949,0.4066479133833813,0.04636077171201478,0.5469913149046037
7950,0.8335501108624858,0.03551435285597309,0.13093553628154134
7951,0.3572371835603813,0.029984544276416832,0.612778272163202
7952,0.2202956965814983,0.04305303879237749,0.7366512646261241
7953,0.013399418072916459,0.06680221257616586,0.9197983693509172
7954,0.7600721965522145,0.028322953024765656,0.2116048504230197
7955,0.13748790694662652,0.04860001661117288,0.8139120764422009
7956,0.06444554194374968,0.04409410109900931,0.891460356957241
7957,0.7680078192616775,0.038583844671444115,0.1934083360668784
7958,0.10800571019601898,0.02685810323213022,0.8651361865718507
7959,0.5012875586169758,0.048620610138180656,0.4500918312448436
7960,0.32146859402432965,0.032586338161606054,0.6459450678140644
7961,0.8376582123117627,0.025484776436044104,0.13685701125219316
7962,0.3279272742661989,0.034007322036103176,0.6380654036976978
7963,0.3154247494015752,0.037496842006782084,0.6470784085916427
7964,0.019386518095532226,0.05110245836762622,0.9295110235368416
7965,0.8847969651050609,0.020509452686450477,0.0946935822084888
7966,0.7328570377669127,0.0157193669428498,0.25142359529023744
7967,0.8688825584584443,0.021522433858450533,0.10959500768310544
7968,0.8437915223059653,0.019083207722191,0.13712526997184368
7969,0.331019604134516,0.0534879169519315,0.6154924789135525
7970,0.8236751486379379,0.02758150406003195,0.14874334730203018
7971,0.920412619300122,0.030361198038788517,0.049226182661089704
7972,0.31550429884590053,0.06955408971533733,0.6149416114387619
7973,0.8974800921698005,0.041049556405743336,0.06147035142445618
7974,0.3699067072220103,0.032251402062440766,0.5978418907155487
7975,0.784312568473107,0.04029391739330514,0.1753935141335877
7976,0.014520501130659055,0.043661547267465364,0.9418179516018756
7977,0.926563230680149,0.022922300624625126,0.050514468695225634
7978,0.10571872417606583,0.03255805798970713,0.8617232178342269
7979,0.6929408661819635,0.024771162958597083,0.2822879708594395
7980,0.8863364314862918,0.017920866110070093,0.0957427024036383
7981,0.6335629280357806,0.02319777273811436,0.3432392992261049
7982,0.685564487617648,0.025107093688137794,0.28932841869421416
7983,0.7209216861300818,0.04184124819092797,0.23723706567899014
7984,0.4121692892226228,0.03517945236376033,0.5526512584136167
7985,0.7417660461854643,0.017598128351113646,0.24063582546342188
7986,0.2468480169386015,0.061523826438823245,0.6916281566225756
7987,0.6470843308746097,0.04557721498957043,0.30733845413581967
7988,0.6913505801961944,0.02985354424716193,0.27879587555664354
7989,0.8274121806515974,0.04261364340468276,0.12997417594372004
7990,0.15539979475521448,0.10171477107392625,0.7428854341708594
7991,0.11041737216952197,0.03421517898704854,0.8553674488434295
7992,0.8554007694606586,0.05097144735513326,0.09362778318420799
7993,0.4429895965685485,0.029069614675394175,0.5279407887560573
7994,0.8571132465306707,0.04711536373629073,0.09577138973303848
7995,0.80649863382197,0.06988959075012618,0.1236117754279041
7996,0.11307431790855013,0.03581198656922535,0.8511136955222245
7997,0.8005692936075813,0.020156582396937562,0.17927412399548098
7998,0.010992051568201345,0.06744608325658916,0.9215618651752092
7999,0.00951311429744861,0.06522943275157955,0.9252574529509718
8000,0.5410593400301962,0.03339556331321179,0.42554509665659224
8001,0.8467248521243723,0.019563925538749725,0.13371122233687813
8002,0.6140027943121086,0.04120964757557792,0.3447875581123134
8003,0.7792260810670055,0.031515560982650286,0.18925835795034404
8004,0.45547213961625216,0.036607515955783786,0.5079203444279641
8005,0.5740804089583671,0.04663375215396614,0.3792858388876672
8006,0.834306716494148,0.036152953357413385,0.12954033014843852
8007,0.7962041441961778,0.030688139044586994,0.17310771675923517
8008,0.9142485226648737,0.03686941013380019,0.048882067201326346
8009,0.8152780958315047,0.030639728648128133,0.1540821755203676
8010,0.8774773618107184,0.03029583286946464,0.09222680531981686
8011,0.4984953245363747,0.046471132870106506,0.455033542593519
8012,0.693673814827716,0.032668266633510995,0.2736579185387729
8013,0.29132711777801445,0.04053424038212995,0.6681386418398558
8014,0.8095315763094081,0.042785517839624955,0.14768290585096705
8015,0.9208194421723007,0.026328457360339234,0.05285210046736011
8016,0.907468796680841,0.028183122203000496,0.06434808111615853
8017,0.6139098904186908,0.03346662671722541,0.35262348286408385
8018,0.6501375601967899,0.03552736889572154,0.3143350709074886
8019,0.829615124067786,0.05164917421869454,0.11873570171351935
8020,0.5211630368972877,0.03443401213797728,0.4444029509647351
8021,0.06690011397369378,0.008450616374450597,0.9246492696518555
8022,0.21808803406085944,0.03704714974572573,0.7448648161934149
8023,0.8107382428829346,0.03723808130208935,0.15202367581497583
8024,0.8766800786892909,0.018618874432337198,0.10470104687837171
8025,0.2248074216594966,0.03986802798453385,0.7353245503559694
8026,0.8444941678912236,0.02886047867563325,0.1266453534331433
8027,0.9164377522714684,0.021657150712678975,0.0619050970158529
8028,0.2682850381483325,0.04078003050510242,0.6909349313465651
8029,0.37606011923310456,0.04308509482962714,0.5808547859372684
8030,0.7460815003404458,0.019809538930691047,0.23410896072886284
8031,0.7070491364484901,0.031336757199631464,0.2616141063518787
8032,0.881547937855375,0.03330153890455244,0.08515052324007247
8033,0.1739394326265224,0.0527966670970203,0.7732639002764573
8034,0.6239628743586173,0.034040568303778024,0.34199655733760476
8035,0.7986716179577781,0.048094122870779014,0.15323425917144282
8036,0.9037505782482944,0.029553514982458375,0.06669590676924725
8037,0.1382956425647138,0.05937309247751506,0.8023312649577709
8038,0.7034307872427178,0.040746936746136705,0.25582227601114593
8039,0.21158312695477896,0.04562889740094972,0.7427879756442712
8040,0.309474765908045,0.027634493099785794,0.662890740992169
8041,0.09987250163861239,0.0508917785019685,0.8492357198594189
8042,0.07316430065123698,0.061454064898794215,0.8653816344499689
8043,0.7884389402917913,0.030785787626083326,0.1807752720821255
8044,0.007498418811968127,0.02768460642296928,0.9648169747650626
8045,0.31285904214901084,0.047991061328406255,0.6391498965225827
8046,0.7867620554201428,0.02049955094373468,0.19273839363612252
8047,0.8368287128398975,0.03960622991851822,0.12356505724158427
8048,0.846652672508983,0.02933023005127271,0.1240170974397442
8049,0.7820386180284549,0.06547723954518563,0.1524841424263597
8050,0.26679744998429644,0.032619618809662125,0.7005829312060414
8051,0.3618792177040277,0.04098886723711755,0.5971319150588544
8052,0.9235523927246012,0.029864687426299986,0.04658291984909872
8053,0.0726810981281808,0.03548967419179056,0.8918292276800287
8054,0.7781906635616744,0.026283787510244336,0.19552554892808136
8055,0.3452176790255238,0.032846549012340236,0.6219357719621359
8056,0.8725388711941001,0.03097390675888934,0.09648722204701048
8057,0.8382203928411635,0.04147488296700285,0.12030472419183358
8058,0.5942432181687498,0.03624596868400529,0.3695108131472447
8059,0.7894967312807148,0.06029168322657414,0.15021158549271107
8060,0.17550187814320004,0.057141417857250625,0.7673567039995494
8061,0.20351483600549553,0.04420615409136339,0.7522790099031412
8062,0.2224309986384144,0.039485898959234655,0.7380831024023505
8063,0.9023626976269346,0.03188836230070751,0.06574894007235789
8064,0.04014126818825385,0.04009115697244661,0.9197675748392996
8065,0.8736186609478912,0.024599509668263,0.10178182938384586
8066,0.9591195686044773,0.013470834765850039,0.027409596629672666
8067,0.12610546105836723,0.02697600774886502,0.8469185311927677
8068,0.5937267883251567,0.03204491464928287,0.37422829702556043
8069,0.6693564264189495,0.03127998600002011,0.29936358758103004
8070,0.9167249805524906,0.023606300938731315,0.05966871850877803
8071,0.8793236875848232,0.05544908070063217,0.06522723171454442
8072,0.9033769050608343,0.023601973020433226,0.07302112191873235
8073,0.855571579473539,0.04675171907361976,0.0976767014528412
8074,0.5780629169689225,0.03513045284723256,0.3868066301838446
8075,0.6640074354943152,0.043344603805924045,0.2926479606997606
8076,0.868984415277809,0.029848765997375157,0.10116681872481567
8077,0.2453847629605375,0.049418227027042336,0.70519701001242
8078,0.16937863009528825,0.06456960602977893,0.7660517638749329
8079,0.8254897901183906,0.05162170862951137,0.1228885012520981
8080,0.7409491892242561,0.045912364569961076,0.2131384462057827
8081,0.8258715076550937,0.019430288360941777,0.15469820398396453
8082,0.5702473044032673,0.026182442007617455,0.4035702535891151
8083,0.3701526393900049,0.052666481184222305,0.5771808794257727
8084,0.32903880566080795,0.03927481596073573,0.6316863783784563
8085,0.8821264699192928,0.024971705833359385,0.09290182424734804
8086,0.006541270440400972,0.05349632531825457,0.9399624042413446
8087,0.7955772215345266,0.06326909022856221,0.14115368823691088
8088,0.5850886675077109,0.020625268185766103,0.39428606430652285
8089,0.8046882501431715,0.030659003942207823,0.16465274591462067
8090,0.03644670777602921,0.04762709825146865,0.9159261939725023
8091,0.89684039847742,0.027081597526217152,0.07607800399636272
8092,0.010222321540584738,0.0350205140626579,0.9547571643967574
8093,0.7759190611957701,0.04627863562701465,0.17780230317721527
8094,0.4069569179845557,0.03507185753389899,0.5579712244815452
8095,0.6460036977038719,0.05196038047524939,0.3020359218208788
8096,0.4329993458481704,0.026121672895928292,0.5408789812559013
8097,0.22900336560270448,0.02767080630965428,0.7433258280876412
8098,0.7692126085328492,0.036598100492372956,0.1941892909747778
8099,0.5142361227520101,0.03394153246669463,0.45182234478129496
8100,0.006320746357781463,0.014738452723071475,0.9789408009191469
8101,0.6000199442478323,0.029685400565153095,0.37029465518701477
8102,0.8212980763416486,0.018371356461963844,0.1603305671963876
8103,0.6814000679830903,0.03531090936150343,0.2832890226554064
8104,0.5592696231578193,0.045279615166687257,0.3954507616754936
8105,0.0039596321539550556,0.017507880190227684,0.9785324876558172
8106,0.8795142017724215,0.038404815914572364,0.08208098231300633
8107,0.09752583406390702,0.04529145469523017,0.8571827112408626
8108,0.8634603738584338,0.029924267067899357,0.1066153590736665
8109,0.8354847011152453,0.02548099616077768,0.139034302723977
8110,0.8653320127605119,0.03631744410440582,0.09835054313508226
8111,0.5366749781108248,0.03474599883944328,0.4285790230497319
8112,0.437632458171773,0.04408745090766425,0.5182800909205627
8113,0.0653991897799068,0.05483449499283409,0.879766315227259
8114,0.06116362097740229,0.06277737862741518,0.8760590003951827
8115,0.8560334219961433,0.05519864168447301,0.08876793631938393
8116,0.7082947893328941,0.02911395428917004,0.26259125637793596
8117,0.09551822941737126,0.03429876760832372,0.8701830029743052
8118,0.3909574253937478,0.03433655173314153,0.574706022873111
8119,0.8628465479963074,0.020507993497013974,0.11664545850667835
8120,0.8068332201633818,0.03068641599850451,0.16248036383811376
8121,0.2712213986758987,0.032028459260893816,0.6967501420632073
8122,0.9382103991979333,0.02991339718031618,0.03187620362175051
8123,0.9168619895064576,0.037249243643993325,0.045888766849549324
8124,0.4568461772278745,0.03661763149298514,0.5065361912791404
8125,0.7083715607714034,0.01575857694062602,0.2758698622879704
8126,0.7485738079092953,0.06019250533520926,0.19123368675549543
8127,0.23539439676300875,0.02612519365462693,0.7384804095823645
8128,0.5422185169362839,0.055148499416869216,0.4026329836468471
8129,0.9033980269495842,0.02950289965771947,0.06709907339269637
8130,0.3435812074783163,0.027567692252762892,0.6288511002689209
8131,0.15519722150243306,0.046586301845333376,0.7982164766522335
8132,0.6050831006910883,0.03273054007766171,0.3621863592312499
8133,0.8222480321763718,0.03617090255560694,0.1415810652680213
8134,0.8204437196285074,0.04102895346951639,0.13852732690197625
8135,0.033391194254079735,0.03036695148301087,0.9362418542629093
8136,0.007717957452790245,0.03602331606930444,0.9562587264779053
8137,0.7850045428744342,0.05078895451638764,0.16420650260917813
8138,0.08960306476980269,0.02290296069174745,0.8874939745384497
8139,0.15293740586207788,0.0500216694951268,0.7970409246427954
8140,0.6835734672890325,0.046900053437967534,0.2695264792730001
8141,0.9035536109611081,0.031625535546292965,0.06482085349259895
8142,0.8906642181853603,0.04244888117056255,0.06688690064407722
8143,0.8810908606934014,0.04766372380306668,0.07124541550353211
8144,0.20957832017661598,0.025811189580592985,0.7646104902427908
8145,0.7961725802757306,0.021210784070030405,0.18261663565423902
8146,0.9432771173392689,0.015153201662737975,0.041569680997993054
8147,0.5116654892644251,0.021291778667735833,0.467042732067839
8148,0.818791006227704,0.02092632537418721,0.1602826683981088
8149,0.8549779706340155,0.02010575884083335,0.12491627052515134
8150,0.7908647714923904,0.04724618500820045,0.16188904349940894
8151,0.585678341870536,0.02309791213940947,0.39122374599005455
8152,0.9347487116706211,0.028083079977078266,0.0371682083523004
8153,0.8620980021282133,0.01698846965009056,0.12091352822169603
8154,0.8399466016864349,0.038658185387274634,0.12139521292629074
8155,0.11388895925382353,0.03693516004749659,0.84917588069868
8156,0.915589731453396,0.037668097621868186,0.046742170924735954
8157,0.6201335556120952,0.03637985614709745,0.3434865882408076
8158,0.8652717158846371,0.05129737415938294,0.08343090995597985
8159,0.5648962580054274,0.03537910804713278,0.3997246339474397
8160,0.47636675067585466,0.044909707084625015,0.4787235422395203
8161,0.7396660864155943,0.03753707921584154,0.2227968343685642
8162,0.5779746109411497,0.028575824908838816,0.39344956415001175
8163,0.4807964799246581,0.038773308628326654,0.4804302114470152
8164,0.8549601477756463,0.029008745769033385,0.1160311064553203
8165,0.1030254233464521,0.05362465832287964,0.8433499183306684
8166,0.8400111375767936,0.015059841099901109,0.1449290213233052
8167,0.25106966280742027,0.035375968771828366,0.7135543684207515
8168,0.7121644423607393,0.021548607780006803,0.26628694985925433
8169,0.8693668096342966,0.02327176042110292,0.10736142994460024
8170,0.637257695787043,0.03510883692934328,0.3276334672836135
8171,0.04400030553284743,0.09143191254455897,0.8645677819225936
8172,0.34993394160255437,0.051402775495707695,0.5986632829017379
8173,0.7385408139683004,0.033302899873089445,0.22815628615861025
8174,0.9435939773542418,0.017114497002179062,0.03929152564357918
8175,0.7566336691558214,0.04150337431797312,0.20186295652620545
8176,0.6299079472620734,0.03560732721466728,0.3344847255232595
8177,0.27689557551220645,0.03907837453853941,0.6840260499492543
8178,0.4303174595372123,0.03513054714240355,0.5345519933203843
8179,0.4132868211140024,0.03143417429192521,0.5552790045940725
8180,0.8287983685193487,0.03413677571368797,0.1370648557669632
8181,0.25996401084337517,0.03293901044828818,0.7070969787083368
8182,0.8967458923512183,0.03944220973262158,0.06381189791616027
8183,0.3357342290573243,0.027984652571660266,0.6362811183710155
8184,0.7593643245492563,0.03600220137869731,0.20463347407204605
8185,0.9275118607672201,0.034925780970317837,0.03756235826246217
8186,0.7528266025199308,0.03245104970381723,0.21472234777625165
8187,0.5734570952859193,0.03912056770652035,0.38742233700756035
8188,0.798813475790907,0.03154671325487783,0.16963981095421532
8189,0.23907622097069067,0.04165243602770431,0.7192713430016048
8190,0.48337369727429064,0.04961377058580807,0.46701253213990124
8191,0.9013359831815736,0.027879071008237652,0.07078494581018861
8192,0.8043630892182991,0.027504455000602005,0.16813245578109887
8193,0.7958670116895749,0.026635133192073748,0.17749785511835134
8194,0.9104172006856845,0.03439657290472964,0.055186226409585974
8195,0.8871125299660236,0.030369905837152617,0.08251756419682374
8196,0.7567558141469989,0.024376933029485758,0.21886725282351532
8197,0.5755290839230885,0.038502288550032335,0.38596862752687894
8198,0.4053326055313079,0.01779822794421367,0.5768691665244783
8199,0.778902431681498,0.0379112159797578,0.18318635233874395
8200,0.914391250742539,0.02220243619250284,0.06340631306495839
8201,0.20146687810070538,0.023440507956649665,0.7750926139426447
8202,0.18291472375415813,0.06377180884227614,0.7533134674035659
8203,0.833433942197203,0.031180850116448878,0.13538520768634804
8204,0.5303624244310797,0.030745492884879138,0.4388920826840414
8205,0.8232942879947108,0.023151683482941443,0.1535540285223478
8206,0.32981159833333334,0.019375612275299284,0.6508127893913671
8207,0.8497503222072935,0.02789952955333086,0.12235014823937561
8208,0.24019695481695139,0.044853860163275514,0.7149491850197729
8209,0.7438723347488838,0.03176036421183171,0.22436730103928443
8210,0.7899481915087003,0.03150387747818849,0.17854793101311098
8211,0.38287671858983213,0.02468078627215257,0.5924424951380152
8212,0.9045162148545957,0.03286517664446103,0.06261860850094345
8213,0.8675913187506402,0.03245675495584191,0.09995192629351797
8214,0.057925113041140834,0.06175201131350398,0.8803228756453554
8215,0.8229480383649596,0.03567343826500893,0.14137852337003148
8216,0.7933863716552781,0.030604177433213576,0.17600945091150827
8217,0.7701514456303404,0.05811369873447953,0.17173485563517996
8218,0.15165241801682414,0.0277938631345993,0.8205537188485766
8219,0.7525077013027142,0.045971210187941855,0.201521088509344
8220,0.9132475043686477,0.01663713828186641,0.07011535734948589
8221,0.09596180673172523,0.00891164357723198,0.8951265496910427
8222,0.4924804760789043,0.04981486804075334,0.4577046558803422
8223,0.769423289313056,0.0513649747558818,0.17921173593106215
8224,0.5804904134888201,0.04417907654163195,0.37533050996954803
8225,0.011373274656426822,0.03457298071564577,0.9540537446279272
8226,0.010442909478682956,0.06676951772194144,0.9227875727993754
8227,0.8809595483668791,0.03307354259545716,0.08596690903766376
8228,0.8936567755810015,0.02080266234520844,0.08554056207379031
8229,0.014817277858403467,0.026157512290753172,0.9590252098508434
8230,0.8418109422565978,0.03358513633681435,0.12460392140658812
8231,0.7946607741171849,0.061451169167606054,0.14388805671520885
8232,0.14885736768911806,0.021038286289917676,0.8301043460209642
8233,0.09425823209959491,0.021164997744847185,0.8845767701555578
8234,0.8774357207499344,0.0524161244532985,0.070148154796767
8235,0.5490366519217862,0.05766167484876309,0.39330167322945087
8236,0.38736353803738754,0.0380891509251759,0.5745473110374367
8237,0.6775429459870762,0.03527473770559593,0.287182316307328
8238,0.4873432451221883,0.031374265842204124,0.48128248903560744
8239,0.2615460166151091,0.049160038252575575,0.6892939451323153
8240,0.8002308601626856,0.04207763410595036,0.15769150573136412
8241,0.003756626172445993,0.03180906538458021,0.9644343084429737
8242,0.7646880031328193,0.03462200132104073,0.20068999554613998
8243,0.8213236096821547,0.022665796672476424,0.1560105936453693
8244,0.9394574932708056,0.021500478518670884,0.03904202821052343
8245,0.8417851387347053,0.03034567598291624,0.12786918528237828
8246,0.37703163738901124,0.042087622891918634,0.5808807397190703
8247,0.9442768531017642,0.03346899533209901,0.02225415156613653
8248,0.8962073059845048,0.037108758220625045,0.06668393579487014
8249,0.8166170978262977,0.03516319308275336,0.14821970909094911
8250,0.934100390890566,0.020792783978153897,0.04510682513128016
8251,0.5699685841015811,0.04986761003204513,0.380163805866374
8252,0.7575869086152518,0.01927218235305716,0.2231409090316911
8253,0.8590346040999333,0.03249991701391512,0.1084654788861515
8254,0.5726372017021579,0.029534103325589072,0.39782869497225304
8255,0.5859456587854972,0.05368000710588465,0.36037433410861797
8256,0.6654427468439542,0.05160538768282326,0.2829518654732226
8257,0.8228361431257091,0.04409874059086559,0.13306511628342524
8258,0.0036234648060646983,0.03253051901413335,0.9638460161798019
8259,0.05764050023399207,0.08984898187078101,0.8525105178952272
8260,0.8947301938587089,0.037082753099352515,0.06818705304193869
8261,0.9169801149592627,0.02964205226947864,0.053377832771258786
8262,0.6685315229055021,0.028943226654403832,0.30252525044009426
8263,0.8886162987803363,0.029973731130291607,0.08140997008937176
8264,0.7828672474675504,0.032992239137640926,0.18414051339480866
8265,0.690425424931602,0.03153042440568366,0.2780441506627143
8266,0.018369177223468508,0.08792814256943118,0.8937026802071005
8267,0.842507176432492,0.033098166553558496,0.12439465701394949
8268,0.8390696111079011,0.027438414610799187,0.13349197428129964
8269,0.8736114337075097,0.02158423749925112,0.10480432879323923
8270,0.6508420926139387,0.031157779365736264,0.31800012802032507
8271,0.8248602871184264,0.05451842992543958,0.12062128295613404
8272,0.9033948669564674,0.025477397521944455,0.07112773552158835
8273,0.5954562797939066,0.037266388165394536,0.3672773320406991
8274,0.821789860091307,0.03049538084389817,0.14771475906479503
8275,0.39938761744931606,0.040649869879655506,0.5599625126710285
8276,0.5974778591602486,0.03101594553456071,0.3715061953051907
8277,0.8135524461244074,0.04700516498706082,0.13944238888853194
8278,0.8255989234595883,0.030257145101191693,0.14414393143922005
8279,0.8726088127829699,0.03445150163873007,0.09293968557829983
8280,0.04298247961459226,0.032400319645265976,0.9246172007401416
8281,0.8971329890839,0.029796296969937984,0.07307071394616178
8282,0.860726964686697,0.051470188272959905,0.08780284704034279
8283,0.826214962985226,0.02694975239688285,0.14683528461789128
8284,0.7811432452409401,0.04568782493693812,0.17316892982212156
8285,0.1669555136118385,0.036304615217351344,0.7967398711708099
8286,0.92196568292704,0.029839148215808978,0.04819516885715121
8287,0.612207923266922,0.02801320391473539,0.35977887281834275
8288,0.8983888998477049,0.03036724858367736,0.07124385156861783
8289,0.30834249849113354,0.03290053591954308,0.6587569655893234
8290,0.0821863012889472,0.029479780104867025,0.8883339186061857
8291,0.44865227078425945,0.023845357146843597,0.527502372068897
8292,0.7216220006485669,0.02581373024447645,0.25256426910695695
8293,0.9111889156085695,0.014616673609381325,0.07419441078204893
8294,0.8543033047827896,0.036882916783697935,0.10881377843351256
8295,0.9219744744522522,0.028954510402497555,0.04907101514525053
8296,0.10353965575968883,0.017610884426950912,0.87884945981336
8297,0.7955200550221366,0.025954074322810695,0.17852587065505263
8298,0.8731495464469192,0.05632785742794773,0.07052259612513297
8299,0.7899492188814742,0.03480314778518469,0.17524763333334104
8300,0.7525762055725657,0.04351723707183587,0.20390655735559826
8301,0.3540134643010979,0.0320806496864515,0.6139058860124506
8302,0.05163061479970627,0.06753839866206027,0.8808309865382334
8303,0.871686286341761,0.029572269015369922,0.09874144464286892
8304,0.20548715699976844,0.04139579766420452,0.753117045336027
8305,0.8956431349819971,0.03855437451321083,0.06580249050479162
8306,0.7848307508297594,0.045987241650536866,0.16918200751970378
8307,0.0014385222626482482,0.019197140129233434,0.9793643376081183
8308,0.589482165781766,0.02516863386105644,0.3853492003571774
8309,0.2428095061092263,0.05566204457717483,0.7015284493135989
8310,0.7762130135162314,0.05728554816061543,0.16650143832315314
8311,0.8395399169531672,0.029809627648348252,0.13065045539848466
8312,0.8860873011543199,0.029611259780494316,0.08430143906518557
8313,0.8000750238538887,0.04393559417449347,0.1559893819716177
8314,0.8318283630698802,0.031170972858254722,0.13700066407186512
8315,0.7420540475811546,0.04535428609023705,0.21259166632860815
8316,0.8247066354436479,0.02695637652921719,0.14833698802713502
8317,0.7028897718680793,0.028896691473287123,0.26821353665863346
8318,0.6365196485735208,0.040507931343605454,0.3229724200828738
8319,0.02619640198241071,0.09499939292035843,0.878804205097231
8320,0.9114098063108327,0.023066734136012634,0.06552345955315488
8321,0.5337084615957597,0.06382920842263921,0.402462329981601
8322,0.5556719412779803,0.026795552076324027,0.4175325066456958
8323,0.02401848488795964,0.10486091466842266,0.8711206004436176
8324,0.19411316113849053,0.043761462305838335,0.7621253765556707
8325,0.9209542133856422,0.031117295267314726,0.04792849134704298
8326,0.8635703604915952,0.026174970235709385,0.11025466927269555
8327,0.8008894159677191,0.041895464742082285,0.1572151192901987
8328,0.0011281999410091901,0.016919842178078747,0.9819519578809122
8329,0.796533054294916,0.05433933198188732,0.1491276137231969
8330,0.5511751803284161,0.029737752354574452,0.4190870673170095
8331,0.904554201806938,0.036428565702200495,0.05901723249086165
8332,0.5679304354634116,0.04174523918202847,0.3903243253545599
8333,0.6595589205058475,0.026839959623103385,0.31360111987104894
8334,0.7525287457600819,0.01885588141203164,0.22861537282788644
8335,0.858362505624739,0.022471078958574784,0.11916641541668607
8336,0.388474389438335,0.03130924866668121,0.5802163618949834
8337,0.6135050060861346,0.025827024505710346,0.36066796940815526
8338,0.8912587024795948,0.03881993111427949,0.06992136640612569
8339,0.39887067645494106,0.04126343298045348,0.5598658905646053
8340,0.8779530434522996,0.03934369295525925,0.08270326359244107
8341,0.8577520803350885,0.023323358916084024,0.11892456074882772
8342,0.8592072924076856,0.04945223550387387,0.09134047208844054
8343,0.7395825817152739,0.04227924403358402,0.21813817425114196
8344,0.04346686848109694,0.07808932212672441,0.8784438093921789
8345,0.8169848630032194,0.048634689901495685,0.134380447095285
8346,0.011872817621454647,0.0409030125140089,0.9472241698645365
8347,0.2588472664957632,0.04086651293798459,0.7002862205662522
8348,0.2516815628036463,0.04405284381284771,0.7042655933835061
8349,0.9435792757941838,0.017852839374176047,0.0385678848316401
8350,0.799665172106735,0.0218049601169466,0.17852986777631835
8351,0.6162745118169682,0.022314691384372826,0.361410796798659
8352,0.8411797853804045,0.03770713898307388,0.12111307563652192
8353,0.04734062518904051,0.10301024080638314,0.8496491340045763
8354,0.05254904511367777,0.08971556085158448,0.8577353940347378
8355,0.9245964720714867,0.03377493073748625,0.041628597191027
8356,0.7245299716310821,0.03728417411225648,0.23818585425666153
8357,0.09476202932083436,0.07723490893520396,0.8280030617439615
8358,0.2503456018982025,0.04015155749724318,0.7095028406045542
8359,0.9114913150179192,0.02032744602877783,0.06818123895330308
8360,0.8847001673926242,0.017182620991280706,0.0981172116160951
8361,0.6003007688993537,0.031226047243466823,0.36847318385717936
8362,0.7873289759197802,0.028412991206213517,0.18425803287400627
8363,0.5234988260113352,0.045265474865168555,0.43123569912349613
8364,0.8641737708274301,0.02617878769961531,0.10964744147295481
8365,0.7883229893978582,0.024079040991773645,0.18759796961036823
8366,0.492720812068348,0.04398897515679666,0.4632902127748552
8367,0.8349172385662124,0.03348788623841591,0.13159487519537175
8368,0.8234260446467667,0.0367049194555962,0.139869035897637
8369,0.2896493532634019,0.03442753056366039,0.6759231161729378
8370,0.8101311986859094,0.051628384348669905,0.1382404169654206
8371,0.6743950332646427,0.03984915688556574,0.2857558098497918
8372,0.02301638232617986,0.09334791051159816,0.8836357071622221
8373,0.08126916091880106,0.029205116357470293,0.8895257227237285
8374,0.13720924110957014,0.02910866580118545,0.8336820930892443
8375,0.9108436458589156,0.02825001783190987,0.06090633630917455
8376,0.1897186050560257,0.022881397375253947,0.7873999975687204
8377,0.8379520252725887,0.0412974823557519,0.1207504923716597
8378,0.8463546737659127,0.032918347404739555,0.12072697882934781
8379,0.9380542046477525,0.025558544282578196,0.036387251069669266
8380,0.7353431768575277,0.023298146495361344,0.2413586766471107
8381,0.8448098905654412,0.0664498779400838,0.08874023149447509
8382,0.8197003307322643,0.03314666847468061,0.14715300079305524
8383,0.7755263674656706,0.026102355574952593,0.198371276959377
8384,0.85209945687132,0.046068337660558574,0.10183220546812126
8385,0.13606792949363378,0.04878035981398027,0.8151517106923862
8386,0.4545864459898565,0.037091873816660605,0.5083216801934831
8387,0.8472857730382338,0.04504115698992097,0.10767306997184511
8388,0.5945759566341285,0.03846269182562272,0.3669613515402488
8389,0.6586282132761652,0.036258832493028734,0.3051129542308062
8390,0.06864989243912152,0.04276282157301293,0.8885872859878658
8391,0.5220022297141163,0.041537217890723344,0.4364605523951604
8392,0.8434776483441007,0.034011163682005956,0.12251118797389338
8393,0.933265546582038,0.016779301637911394,0.04995515178005044
8394,0.11867642000978972,0.09479388056462917,0.7865296994255808
8395,0.5100658038640266,0.05470856541372411,0.43522563072224923
8396,0.7625186762613306,0.04543135059085344,0.19204997314781586
8397,0.788509158938488,0.037956847980305075,0.17353399308120687
8398,0.871168908276731,0.03800108447661871,0.09083000724665027
8399,0.8187936238341621,0.03458645378603509,0.1466199223798029
8400,0.03220053933895681,0.1203421762633292,0.8474572843977138
8401,0.3252612057896942,0.027983627797898408,0.6467551664124073
8402,0.3956155185910719,0.03690850234619326,0.5674759790627348
8403,0.20241737375358645,0.05429995190855001,0.7432826743378634
8404,0.7351783992531669,0.04550906336472713,0.21931253738210582
8405,0.014231049665645519,0.05762736686411622,0.9281415834702383
8406,0.7910197960883929,0.03249395085350204,0.17648625305810495
8407,0.8405794830076663,0.03399168696433344,0.12542883002800043
8408,0.6587470065170824,0.03757623117342079,0.30367676230949686
8409,0.005577034404615256,0.01777106585439457,0.9766518997409903
8410,0.4723520681063307,0.030299096189803046,0.4973488357038663
8411,0.6943608998135006,0.03434317244660119,0.27129592773989847
8412,0.044267261322292285,0.08868925472730918,0.8670434839503985
8413,0.023013085512312233,0.07691698499554846,0.9000699294921392
8414,0.8665591186895044,0.030860946962182417,0.10257993434831313
8415,0.7673752644550387,0.0584518374722566,0.17417289807270467
8416,0.8099345282378018,0.030947657382481085,0.15911781437971698
8417,0.7391319535708812,0.03558908907187689,0.2252789573572417
8418,0.7519718312032655,0.03484050749769393,0.21318766129904082
8419,0.38329808584291647,0.04629409511176117,0.5704078190453225
8420,0.5698975950656928,0.03510402679953797,0.39499837813476923
8421,0.1019747758171902,0.039994573116263005,0.8580306510665467
8422,0.859950850483218,0.06139453582420052,0.07865461369258143
8423,0.658977615045875,0.04053469665736334,0.3004876882967615
8424,0.6812732654813165,0.02841344600105093,0.29031328851763266
8425,0.33704234692431523,0.06791855932680724,0.5950390937488774
8426,0.253687033165606,0.04128018355688933,0.7050327832775046
8427,0.3327500577078165,0.05232529036801277,0.614924651924171
8428,0.9315590370305054,0.018021420667712264,0.05041954230178249
8429,0.9048309198734528,0.026709638857310234,0.06845944126923661
8430,0.8667509844361215,0.055474145071630426,0.07777487049224771
8431,0.006754031301231509,0.042125418186824824,0.9511205505119436
8432,0.659134362707548,0.039278168381944215,0.30158746891050797
8433,0.7146935678560146,0.04850250828435564,0.2368039238596297
8434,0.0739696345582236,0.04513503067289316,0.8808953347688833
8435,0.7794932784907365,0.01945432315470324,0.20105239835456007
8436,0.6376566938044897,0.03604023868115609,0.32630306751435423
8437,0.243787977325939,0.03583413448098898,0.7203778881930721
8438,0.8912489612657927,0.02225836355579286,0.08649267517841444
8439,0.639728290410438,0.03086574768855634,0.3294059619010058
8440,0.7593824061552156,0.048796833078163654,0.19182076076662052
8441,0.335933069088035,0.03910449481055778,0.6249624361014072
8442,0.8868952847960168,0.028561018346241814,0.08454369685774138
8443,0.9007844865127136,0.015518452841122436,0.08369706064616415
8444,0.7816134956478525,0.028180828235114103,0.19020567611703357
8445,0.8524186681842996,0.04706832131384541,0.10051301050185485
8446,0.6188855855006009,0.034176016905465116,0.34693839759393386
8447,0.08574625907977472,0.026814151582420453,0.8874395893378049
8448,0.7248592968755949,0.02172370090456297,0.25341700221984187
8449,0.5917946120609787,0.022749035404429116,0.38545635253459226
8450,0.5425440690405365,0.032091824054710276,0.4253641069047531
8451,0.7737306927967429,0.03353268164106593,0.19273662556219104
8452,0.8930129264158753,0.03096381075367968,0.0760232628304451
8453,0.7000908565057113,0.03924570266787655,0.2606634408264123
8454,0.5943859846664457,0.03278022801371198,0.3728337873198425
8455,0.49705805760246324,0.04025721238882204,0.4626847300087147
8456,0.5951607047607811,0.03702439771505675,0.367814897524162
8457,0.8472796817020691,0.029685617810689024,0.12303470048724209
8458,0.7373108787327747,0.02081821270975622,0.24187090855746882
8459,0.8763133787823005,0.03842303777896729,0.0852635834387321
8460,0.8498470196682486,0.033788547488509846,0.11636443284324154
8461,0.13155541171181176,0.024037470933606572,0.8444071173545814
8462,0.8751065977772189,0.031538957303809644,0.09335444491897149
8463,0.42577650334541695,0.021534122268337633,0.5526893743862454
8464,0.8510879804894058,0.028750060279223433,0.12016195923137046
8465,0.3001820595849901,0.03552754125138783,0.6642903991636221
8466,0.6746249253040468,0.028647052944168284,0.2967280217517851
8467,0.8168961517356392,0.05396259346431209,0.12914125480004876
8468,0.13450445318342402,0.06621473799153742,0.7992808088250385
8469,0.28579348694674317,0.03587331704291692,0.6783331960103399
8470,0.5588416420622501,0.0387988337378399,0.4023595241999101
8471,0.8931131018028566,0.023227999988488766,0.08365889820865503
8472,0.7150434315096859,0.03193363146617998,0.25302293702413436
8473,0.8556861193220371,0.05223228494939939,0.0920815957285634
8474,0.6538532761052448,0.03555497847887643,0.3105917454158787
8475,0.496507619026009,0.04871556874915372,0.45477681222483723
8476,0.8731631038275428,0.05273142655184178,0.07410546962061558
8477,0.7303379233329613,0.06545955693167244,0.2042025197353662
8478,0.881886846822659,0.027994818366553154,0.09011833481078753
8479,0.8338612399426044,0.02552238258891456,0.14061637746848119
8480,0.8801656003382132,0.02303675986594677,0.09679763979583987
8481,0.8678407400301067,0.0639381489735633,0.06822111099633002
8482,0.6966954996041942,0.033633215068829665,0.2696712853269764
8483,0.12177848410381488,0.0242664954367311,0.853955020459454
8484,0.6817168407800606,0.03383602598330244,0.284447133236637
8485,0.8846326707386065,0.03786789882964379,0.07749943043174982
8486,0.2310404401914041,0.027820371557524693,0.7411391882510711
8487,0.5856288527824854,0.057804163985169715,0.35656698323234487
8488,0.850129880276598,0.03985327398770628,0.11001684573569577
8489,0.8374692306394549,0.017850513789702153,0.14468025557084305
8490,0.09074406747599685,0.02630140771064341,0.8829545248133597
8491,0.24055663209076691,0.03859200662837884,0.7208513612808544
8492,0.8086501238977712,0.031118534566411695,0.1602313415358171
8493,0.900279565451677,0.02048913272899737,0.07923130181932582
8494,0.6955224856493167,0.05127034316578987,0.2532071711848935
8495,0.7002394186733484,0.05044101782047077,0.24931956350618106
8496,0.8432006080566642,0.04812588456299335,0.10867350738034227
8497,0.8470989007680267,0.0274470009506561,0.1254540982813172
8498,0.1181663468453906,0.04245561132248418,0.8393780418321253
8499,0.8581000318817669,0.039609078178774605,0.10229088993945838
8500,0.8060398070358447,0.044489972642717535,0.14947022032143778
8501,0.7940407990199402,0.031180799077774445,0.17477840190228514
8502,0.009301551560397145,0.03573362151338577,0.9549648269262171
8503,0.7104168534746833,0.040066197297960245,0.24951694922735637
8504,0.3517609042653512,0.03907756668147367,0.6091615290531752
8505,0.9402264275857731,0.026166567055916853,0.033607005358309974
8506,0.8713886565644395,0.04258424503277462,0.08602709840278595
8507,0.7023630208346474,0.031485729269415785,0.26615124989593714
8508,0.7862339217483246,0.024246956302910284,0.18951912194876525
8509,0.8769949636413054,0.027791343113440278,0.09521369324525415
8510,0.6780548160850246,0.019291364482272966,0.3026538194327023
8511,0.7965881605994524,0.024964816189812,0.17844702321073555
8512,0.1275402699390739,0.027365912818180346,0.8450938172427456
8513,0.5013465858418736,0.03360649129614504,0.4650469228619812
8514,0.03210726443320565,0.039327679105099704,0.9285650564616946
8515,0.8076698660834672,0.025139088988275115,0.16719104492825768
8516,0.15222676527957016,0.025125683635859337,0.8226475510845699
8517,0.6652590973505277,0.0330922234063855,0.3016486792430867
8518,0.6216455206835813,0.034695217137001765,0.3436592621794169
8519,0.3368015063262703,0.03048671892875898,0.6327117747449709
8520,0.847503619823704,0.038039425068267414,0.11445695510802886
8521,0.8479544720208548,0.0590041738101377,0.09304135416900755
8522,0.864329678061091,0.02111381266314963,0.11455650927575935
8523,0.013918416855523997,0.025430812702048732,0.9606507704424271
8524,0.8930615725113351,0.044769805216847924,0.06216862227181689
8525,0.32376070410557745,0.044134090009596345,0.6321052058848261
8526,0.8409513879497723,0.04743799635991385,0.11161061569031376
8527,0.5327079022237958,0.038741656252400836,0.42855044152380345
8528,0.26499423769390973,0.02646356923058466,0.7085421930755056
